0:{"levels":[{"inputs":[0.15147186257614287,0,0,0,0.15147186257614298],"outputs":[1,0,0,0,0,1],"biases":[-0.24026616601797235,0.9570468226535183,0.4883132327784998,0.776578582267597,-0.06447335114135067,-0.747975181221932],"weights":[[-0.009468696977672053,0.36557993339591377,0.8630054578696651,-0.5143886817785681,0.42746219682533715,0.23458602148901475],[-0.5100364479920545,-0.7132004462027433,0.7500703278955405,0.8225596379427991,-0.611732668267603,0.34015475534125583],[0.06817533309088475,0.04592171946970591,0.46852844080968525,-0.1061958554771878,-0.6115048004621597,-0.44432639614966973],[0.2887904219580122,0.4977777864554982,-0.6263229357261797,0.8303266709404524,0.993958766248086,-0.4322687705523731],[-0.37989140226800266,-0.06979335760894045,0.06431047661309153,-0.8657016920824119,-0.9754236692719895,0.583870612702218]]},{"inputs":[1,0,0,0,0,1],"outputs":[0,1,1,0],"biases":[0.18958727890791272,-0.8894952517411339,-0.4906769177747954,-0.6583517752289674],"weights":[[-0.9312080450362084,-0.03815070952439914,0.7580560621138202,-0.12232830160841424],[-0.018644827602833036,-0.37059155352855155,-0.4917799420647504,0.7229351523129299],[0.20632267736436516,0.19865748244165315,-0.3231114543701392,-0.10046226072254294],[-0.6593716013235129,0.7376085583396477,-0.7615904999400693,0.9103816043744466],[0.44533236605460225,-0.6789559381428076,0.13805127305653864,-0.953866782264416],[-0.6500945756929162,-0.31432044607097387,-0.7384959808946312,-0.8157383490707866]]}]}


1: {"levels":[{"inputs":[0.15147186257614287,0,0,0,0.15147186257614298],"outputs":[1,1,1,1,1,1],"biases":[-0.25028655261997557,-0.8046905622805522,-0.6092847687698808,-0.20072238454398983,-0.1793231393400534,-0.05775297445231775],"weights":[[-0.7894050468360883,0.38721311558708216,0.4104268848186359,-0.05685508472346035,0.6498039058516123,0.8512397477207925],[-0.9701079763100737,0.2719727288589975,0.3243994792218863,0.6522504912321767,-0.44081491472660783,0.5000921086643615],[0.875185362609809,-0.4057015217078046,-0.14687208724717982,0.8318471418290905,0.48332982751617015,-0.3765096437033981],[0.6630587939150283,-0.5988860947312196,0.5996046468754415,-0.6608293461544377,0.6630785940564077,-0.23968491061422847],[-0.0103171364154937,0.24030935879850235,-0.3690827631578788,-0.6817763087147637,-0.7231763945142098,-0.24267973450102032]]},{"inputs":[1,1,1,1,1,1],"outputs":[0,0,0,1],"biases":[0.4209364249650638,0.8319599442288426,-0.5867365789839551,-0.1654511760084536],"weights":[[-0.29473869890186943,-0.8567914510742103,-0.9618942020964258,-0.32232207056172335],[-0.17127460958355822,-0.9531354370329157,-0.06552860844769626,0.2726399456389399],[0.4150601330685184,-0.9883937624064387,-0.904855317956252,0.15909018465374558],[0.8458984980480961,-0.4908370438823284,0.6199251135831925,-0.37762766903201994],[0.3337617314269532,-0.7962613114897219,-0.44437123118359434,0.1642686799610127],[-0.7481706271517128,-0.3333967026040465,-0.3533355820202817,0.4032682665017435]]}]}


2: {"levels":[{"inputs":[0,0.4111096682547535,0,0.2225103454863413,0.4502356325222975],"outputs":[1,1,0,0,0,0],"biases":[-0.3627454704123556,0.4411231532195714,0.9695158209591979,-0.036973179158090286,0.5214219744115298,0.671280246305697],"weights":[[-0.66743220706454,-0.11636485762188009,0.07660646948148209,0.275078143813396,-0.8503870425140834,-0.16614082952953213],[-0.3592395376429458,0.6350168976630708,-0.031476027606489154,-0.6745570869210784,-0.9527916122667723,0.2146243349203738],[-0.6514733564730446,0.7952647974568281,0.4958165792094138,-0.5603195699130485,0.4955640364187244,0.1702027496671854],[0.8967043984473628,-0.7342664552352769,0.1076806458173949,0.09618428677060376,0.7301120431655139,0.04832192424798576],[0.7142938377471721,0.9489125350639176,-0.3388282147012154,-0.33113742592947437,-0.7841579666247522,-0.10343379061864333]]},{"inputs":[1,1,0,0,0,0],"outputs":[1,1,1,0],"biases":[-0.11705183193594815,-0.15963724902563703,-0.08028902190414788,0.5822656722832544],"weights":[[0.7496904811292544,0.150856160872042,0.8769790502061259,-0.13398860596180517],[-0.23351359691205031,-0.2794057568784294,-0.03714984178479863,-0.3845240084729742],[0.6216072984154728,0.1515569856319643,0.1631831602059335,-0.17047704974228095],[0.15722976152944845,-0.2951053043786036,0.7909102841696951,0.6054779165620268],[-0.9356150324417656,0.5966184231222713,-0.43193923231434495,-0.22970035071684514],[0.2678781826065628,-0.08894426719823034,0.4601307922906672,0.5280954967026434]]}]}

3: {"levels":[{"inputs":[0.38650970015061337,0,0,0.5676991785556305,0.5665246061621824],"outputs":[1,1,0,1,1,1],"biases":[-0.8939200647259535,-0.38797130013481196,0.6048206227426474,-0.7984698759690425,-0.5451231164899522,-0.4300812678345127],"weights":[[0.41612989928765654,-0.9221684027770802,0.5025466651675425,0.00008041565829275399,-0.38497613471948755,0.11022001563263828],[0.8654635384638238,0.9981450132298404,0.7836706538652747,-0.7424218100924045,-0.38772427019857725,-0.8848928510097256],[-0.4605796281857173,0.22058912324440394,0.864015631084917,0.9321459587259486,0.9391114432232608,-0.8051922102051292],[-0.6457546227170199,0.5403044080019939,-0.7533967570066467,-0.4382086719245648,0.44510790752635243,0.8296268183067559],[0.8861784074911148,-0.38031427184369715,0.46142483240761445,-0.9298298390165862,-0.2661543059136333,-0.6305395417161566]]},{"inputs":[1,1,0,1,1,1],"outputs":[1,1,1,0],"biases":[-0.8267217569640168,0.7687095411705771,-0.07699836976547303,-0.7279519959614928],"weights":[[-0.11684107430806323,-0.20554462421238595,-0.9215628814932195,-0.9757653655227969],[0.8649828207267323,-0.10565432922063067,0.37732223841335344,-0.1709905488772705],[0.8235486030844803,-0.5878618436754288,0.6041100183281278,-0.8441357813983874],[0.5471208325188934,0.8400145159053993,-0.7344217184437318,-0.6730344559709271],[-0.8285312374689799,0.5359892777192399,0.7282714958476406,0.7422775687944707],[-0.21479358642195567,0.633872369892519,0.5157788914159207,-0.08923330185744316]]}]}

4: {"levels":[{"inputs":[0.44875924427875136,0.5012364938258163,0,0.5371806547633724,0],"outputs":[1,1,0,1,1,1],"biases":[-0.8231832589873321,-0.3552066741252199,0.48490670096274724,-0.812042505435005,-0.5405155451057786,-0.4501776417385648],"weights":[[0.37487534629787567,-0.8513652750885333,0.37018822041885424,-0.05308537777130713,-0.35159325947983067,0.021997562546850827],[0.834487969152985,0.9814079471347353,0.794598281281301,-0.7610959969337616,-0.30234400898878805,-0.7723704921558872],[-0.4204889876181144,0.2787449259425665,0.7937047957982526,0.8364089672035843,0.9208590740722036,-0.7542681312241423],[-0.5149664245580297,0.4683752384830715,-0.5902300353010591,-0.4423905279684305,0.4423464279734748,0.6765438929111194],[0.8766719153984132,-0.34705713548384476,0.4757650971862881,-0.757119841470829,-0.24150434238440335,-0.5330292101212446]]},{"inputs":[1,1,0,1,1,1],"outputs":[1,1,1,0],"biases":[-0.8400571708454526,0.6233281382404621,-0.1377421167456756,-0.5892468425340254],"weights":[[-0.008966489793607868,-0.14971507182773394,-0.7953519089208776,-0.8628481769261354],[0.7064208806371759,-0.1300417064134683,0.3452301390756412,-0.1868406434432271],[0.7719538273997961,-0.6216220512583674,0.5349840509554087,-0.6839425598200405],[0.5511896667086676,0.7489925279477073,-0.7034527207082053,-0.5954011033963035],[-0.6881168103061716,0.5214301276722804,0.6797928413717046,0.6812384778528334],[-0.23054425752147023,0.6601487385270878,0.5155474804336904,-0.16975122774924625]]}]}

5: {"levels":[{"inputs":[0,0.4175124051164243,0,0.3562681427537847,0.39331207174252036],"outputs":[0,0,1,0,0,0],"biases":[0.953562284552314,0.75354838075756,0.12577641977779086,0.6827427512364705,-0.0586771378291977,0.8112283431086409],"weights":[[-0.14333466593476718,0.21579818892849634,0.8213408282962682,0.4988238340291766,0.3726880487986506,0.0024627598393651695],[0.2705589656441716,0.4557160368636963,0.0800582345477685,-0.34816041307617596,0.9475846589565875,0.1130400042648585],[-0.8488997478085669,0.38861636497756935,-0.8081160239868166,-0.8100999132749278,-0.4018351320931841,0.8742601230984084],[-0.29844403757420546,0.02270393520657743,0.32835160305107225,-0.5017456792765675,-0.5092511968061695,-0.835769634622582],[-0.8972019786117067,-0.1455146172585473,0.2481031415167858,0.8391387704416258,-0.9525779609360931,0.802053700960847]]},{"inputs":[0,0,1,0,0,0],"outputs":[1,1,0,0],"biases":[-0.9295109224280944,0.6457715535698445,-0.14707102382851245,-0.26680517715592567],"weights":[[0.7624899132137553,-0.340190095609759,0.8508201474690513,-0.6236692585778565],[-0.7563627326022657,-0.4047950774706548,-0.1810306945554796,0.10818687933106474],[0.7038181415852303,0.6694906973219186,-0.6245641115487093,-0.6186309257197138],[-0.427087715318363,-0.5015641988393131,0.04314421406904101,-0.12049918356149236],[-0.9928505513926917,-0.6576534848026521,0.6748466466999217,-0.8911922123578186],[0.9522788845065064,-0.20625530037715523,-0.04880549969003978,0.8631706108772224]]}]}

6: {"levels":[{"inputs":[0.6258078231128618,0.30858301309626,0,0.3848540220273634,0.6369497117448835],"outputs":[0,0,1,1,0,0],"biases":[0.902191682751339,0.7561463291349425,-0.03577617461391844,0.35142361635095076,0.11182931856141201,0.4758188298254409],"weights":[[0.0767304137788356,0.3326295318451307,0.6748703039954423,0.5460557417388531,0.44736320660630274,0.11775245897949455],[0.04787365022272744,0.5441699295392713,-0.08499602943634282,-0.36408189993319173,0.8203044561434645,-0.10462958827236646],[-0.5589661133149639,0.3953136526170547,-0.7844864713202166,-0.7062633720394039,-0.17191110474371268,0.5673448374425014],[-0.2175335220469467,-0.11704528875634565,0.12786637880328058,-0.34349350884488383,-0.39616371545914736,-0.849267316111805],[-0.5244992232240623,-0.25483080623390275,0.21909224107159098,0.6803897662911863,-0.7190596404733285,0.6725995415416015]]},{"inputs":[0,0,1,1,0,0],"outputs":[1,0,0,0],"biases":[-0.8637007850543056,0.6197286710808212,-0.04400338969252732,-0.3848745632360046],"weights":[[0.646132571077807,-0.378103828005372,0.8325608578176864,-0.406690524351878],[-0.5683425491171759,-0.44372007018353576,-0.012552481943897464,0.04942670845360908],[0.4361617354237194,0.636278274746758,-0.668767309908872,-0.5329638939717022],[-0.5361487094137123,-0.3422155925941366,0.10192512754955302,-0.19274900106050774],[-0.7918321488722737,-0.6398912244217566,0.6396291730650864,-0.817471815746024],[0.921531387903608,-0.026272330778178588,-0.08637308627372216,0.8267033540614028]]}]}

7: {"levels":[{"inputs":[0.1453892130197847,0,0,0,0.15755451213250138],"outputs":[0,0,1,0,0,0],"biases":[-0.12240563163300752,0.18513332460023807,-0.39863171107271195,0.7641953814407813,0.0737325554197732,0.2117872508099038],"weights":[[-0.5731444134211703,0.3390513950763644,-0.09582920596887284,0.4146644522087526,0.05179354708283554,0.4636047017435167],[-0.3256679170537086,-0.6718034226626602,-0.2070127620972579,0.02877928023802856,0.6436797757894851,0.3382511753916398],[0.19529482334361864,-0.5475199354859188,0.29102618843513534,0.12566119037419254,0.09114599977061479,-0.3455649378368054],[0.37709316343085414,-0.06034791566612223,0.46033244743302515,0.5395290252015477,-0.27363406896563086,0.24710000741158372],[-0.2984654442670939,0.3163032633130983,-0.13365254026298581,-0.3517475346843059,-0.23616672929866156,-0.028725595502630236]]},{"inputs":[0,0,1,0,0,0],"outputs":[1,1,1,0],"biases":[-0.4569582835890535,0.1658414714257487,-0.49072865840376745,0.08275334490093858],"weights":[[0.27511035987546156,0.09482800112485681,-0.6010864460973591,0.28109708012650414],[0.4612565214943596,0.24684832166722886,-0.05026532078803497,0.0953445951375376],[0.695422700745251,0.1841325694568056,-0.28322585523926047,-0.1354909396279504],[0.2851858569585599,0.4992744838174518,-0.48705561798141894,0.4805612998682836],[0.4928561976082715,-0.4735025443847237,0.3059123517906079,-0.27092868457974056],[-0.7019666542166519,-0.6024552978747473,-0.31622419616418596,-0.017521951412224908]]}]}

